232121314212 -0.13271298 -0.131432151543 1.4321551341 -1.238092563 0.4321432 0.43214321 -0.43217956123 0.43217956123
123227382224 -0.341321432 -0.143215614 1.14321432155 -1.238092563 0.3211233 0.4321513213 -0.12233713292 -0.12233713292
228937461634 -0.13232171298 -0.4321532144 1.432151231432 -1.238092563 0.4932719821 0.432791674321 -0.4321513421 -0.4321513421
983617321451 -0.13533325 -0.2125666122 1.432151234143 -1.238092563 0.1432143 0.14321432 -0.797896412 0.2123214213
538126451234 -0.5413215342 -0.3215321211 1.432153321551 -1.238092563 0.43214213 0.00122373 -0.4798321794 1.2321432321321
653417384213 -0.09382341 -0.0863822245 1.28371829340 -1.4321514321 0.0282618247281 0.41321514321 -0.4948732918 -1.231421091832
741627384927 -0.93743156 -0.907365262 1.28371829340 -1.238092563 0.143214321432 0.00122373 -0.473921756 0.1283834729143
253718547313 -0.321521312 -0.52262432677 1.28371829340 -1.43215134343 0.0282618247281 0.43153214321 -0.0989761432 0.12220000212
128758236421 -0.431432156 -0.13215667412 1.28371829340 -1.238092563 0.432153124231 0.43215123 -0.97896143281 0.718238124213
381626347183 -0.13271298 -0.271628493 1.28371829340 -1.827194623196 0.4321432156 0.43151234321 -0.492371986515314 -0.91231243214213
123433333132 -0.5314164316 -0.47382191 1.28371829340 -1.7439821894 0.432143214321 0.00122373 -0.43912765 0.9973214243243123
239871111233 -0.12351631341 -0.4783921621 1.28371829340 -1.238092563 0.43124321432 0.43151324151 -0.473298178432 0.991721832134
322312632122 -0.741325313 -0.7348921748932 1.28371829340 -1.4379217483216 0.4321432 0.1532143214231 -0.12233713292 -0.327163721545
120973231232 -0.6132143214 -0.90843921 1.28371829340 -1.47329817496 0.43213215321 0.43153215312421 -0.12233713292 -0.21638721678362871
120973232 -0.6132143214 -0.90843921 1.28371829340 -1.47329817496 0.43213215321 0.43153215312421 -0.12233713292 -0.132716876
1232121314212 -0.13271298 -0.131432151543 1.4321551341 -1.238092563 0.4321432 0.43214321 -0.43217956123 0.43217956123
1123227382224 -0.341321432 -0.143215614 1.14321432155 -1.238092563 0.3211233 0.4321513213 -0.12233713292 -0.12233713292
1228937461634 -0.13232171298 -0.4321532144 1.432151231432 -1.238092563 0.4932719821 0.432791674321 -0.4321513421 -0.4321513421
1983617321451 -0.13533325 -0.2125666122 1.432151234143 -1.238092563 0.1432143 0.14321432 -0.797896412 0.2123214213
1538126451234 -0.5413215342 -0.3215321211 1.432153321551 -1.238092563 0.43214213 0.00122373 -0.4798321794 1.2321432321321
1653417384213 -0.09382341 -0.0863822245 1.28371829340 -1.4321514321 0.0282618247281 0.41321514321 -0.4948732918 -1.231421091832
1741627384927 -0.93743156 -0.907365262 1.28371829340 -1.238092563 0.143214321432 0.00122373 -0.473921756 0.1283834729143
1253718547313 -0.321521312 -0.52262432677 1.28371829340 -1.43215134343 0.0282618247281 0.43153214321 -0.0989761432 0.12220000212
1128758236421 -0.431432156 -0.13215667412 1.28371829340 -1.238092563 0.432153124231 0.43215123 -0.97896143281 0.718238124213
1381626347183 -0.13271298 -0.271628493 1.28371829340 -1.827194623196 0.4321432156 0.43151234321 -0.492371986515314 -0.91231243214213
1123433333132 -0.5314164316 -0.47382191 1.28371829340 -1.7439821894 0.432143214321 0.00122373 -0.43912765 0.9973214243243123
1239871111233 -0.12351631341 -0.4783921621 1.28371829340 -1.238092563 0.43124321432 0.43151324151 -0.473298178432 0.991721832134
1322312632122 -0.741325313 -0.7348921748932 1.28371829340 -1.4379217483216 0.4321432 0.1532143214231 -0.12233713292 -0.327163721545
1120973231232 -0.6132143214 -0.90843921 1.28371829340 -1.47329817496 0.43213215321 0.43153215312421 -0.12233713292 -0.21638721678362871
12120973232 -0.6132143214 -0.90843921 1.28371829340 -1.47329817496 0.43213215321 0.43153215312421 -0.12233713292 -0.132716876
1230973231232 -0.6132143214 -0.90843921 1.28371829340 -1.47329817496 0.43213215321 0.43153215312421 -0.12233713292 -0.21638721678362871
1203973232 -0.6132143214 -0.90843921 1.28371829340 -1.47329817496 0.43213215321 0.43153215312421 -0.12233713292 -0.132716876
12323121314212 -0.13271298 -0.131432151543 1.4321551341 -1.238092563 0.4321432 0.43214321 -0.43217956123 0.43217956123
11232327382224 -0.341321432 -0.143215614 1.14321432155 -1.238092563 0.3211233 0.4321513213 -0.12233713292 -0.12233713292
12289337461634 -0.13232171298 -0.4321532144 1.432151231432 -1.238092563 0.4932719821 0.432791674321 -0.4321513421 -0.4321513421
19836173321451 -0.13533325 -0.2125666122 1.432151234143 -1.238092563 0.1432143 0.14321432 -0.797896412 0.2123214213
15381264351234 -0.5413215342 -0.3215321211 1.432153321551 -1.238092563 0.43214213 0.00122373 -0.4798321794 1.2321432321321
16534173834213 -0.09382341 -0.0863822245 1.28371829340 -1.4321514321 0.0282618247281 0.41321514321 -0.4948732918 -1.231421091832
17416273843927 -0.93743156 -0.907365262 1.28371829340 -1.238092563 0.143214321432 0.00122373 -0.473921756 0.1283834729143
12537185473313 -0.321521312 -0.52262432677 1.28371829340 -1.43215134343 0.0282618247281 0.43153214321 -0.0989761432 0.12220000212
11287582364231 -0.431432156 -0.13215667412 1.28371829340 -1.238092563 0.432153124231 0.43215123 -0.97896143281 0.718238124213
13816263471833 -0.13271298 -0.271628493 1.28371829340 -1.827194623196 0.4321432156 0.43151234321 -0.492371986515314 -0.91231243214213
41123433333132 -0.5314164316 -0.47382191 1.28371829340 -1.7439821894 0.432143214321 0.00122373 -0.43912765 0.9973214243243123
14239871111233 -0.12351631341 -0.4783921621 1.28371829340 -1.238092563 0.43124321432 0.43151324151 -0.473298178432 0.991721832134
13422312632122 -0.741325313 -0.7348921748932 1.28371829340 -1.4379217483216 0.4321432 0.1532143214231 -0.12233713292 -0.327163721545
11240973231232 -0.6132143214 -0.90843921 1.28371829340 -1.47329817496 0.43213215321 0.43153215312421 -0.12233713292 -0.21638721678362871
11204973232 -0.6132143214 -0.90843921 1.28371829340 -1.47329817496 0.43213215321 0.43153215312421 -0.12233713292 -0.132716876
